429651488951
138242483098
170266786090
354843238226
865491245860
073048238884
685549280088
946503494758
217152065053
204510586328
044976296136
324344611518
025707049564
143391496761
639919717687
366611566921
545120607954
240119086888
562499353732
125368636596
918533131009
592279792480
931577697407
540110746883
083730442358
540716788034
650849929689
104769855044
227360478599
373758699235
491879936983
233243783751
795626181076
258308928705
601565748851
618792886024
629396351536
341563170408
520351446138
833280276987
969114758669
579573364556
910518426403
422490214438
029887928685
426771778671
802681731159
947721534360
063440432180
230761349558
188775312308
484582581437
396976027035
608771250634
839600489749
363533778417
487569477493
734163677126
982587375166
219743511493
916735459344
537002801914
325424983507
422814456790
439187145628
862611105740
219957899593
419455261075
196165040296
980046341102
860700351159
001402954783
907457429342
466163634049
284457218436
528597804157
154418030436
879643681108
249700376312
366182647880
067331021467
412019230008
120521939519
182220489698
305892708655
622352053068
935961944469
846660779323
303544963823
602573380977
443942373314
691914078688
756954235529
033024869764
715739143028
336688826734
884784853712
995164498620
697520083436
504194815558
426831199757
622498584742
613148807035
128843175757
660098396264
905458078770
762358409765
895281310395
670435434616
458724088719
163015471828
603562537900
800647982455
240305806972
081085186985
176666086259
891846431144
639835033607
073503255392
189690381506
331170305738
208754200270
759094477569
168154780160
904036166739
018894894338
976076657961
767738688696
773066328098
361820267586
055688301739
833850255380
890551193495
095987471508
967432770780
605723432008
804239315996
305258630373
865673456680
795736878944
886451381317
069760390535
563256556145
824221582166
564494478936
456439944391
037620648801
083203425907
832825282379
892850539685
047879333934
920955557278
681616292515
402322742788
940204974617
063634183640
345752234038
010578722113
111312348804
491906444705
767460189390
435595964549
900354228740
169686564109
623352614102
461490445326
979327344272
120440240777
177525375670
001200142857
247007980992
047880819285
654233723224
299770805842
541558890072
570539504626
193260531068
978276102603
239237798883
752261721635
449445948132
652885849342
870661681586
408356377400
807343364673
991155031571
746064412958
814134712978
281593353953
109815246239
265065045095
439674967591
963079864487
965643472425
868585448579
577174997980
465189959075
547254732396
391387458925
034788363194
765886065504
879875340243
864558102490
605888776865
585615424590
458760641558
111925061825
658036487806
824368228227
613915308747
397447523556
703386177773
040274366042
360413121117
132316488484
122753620891
727369832356
220095132213
449958228303
360203610411
983078937434
996542903289
151025931056
733297760056
508805302471
396949436076
278969823207
543110114272
442464238274
732354908600
398497063878
330636154153
332035903705
229313143230
146169646291
617092487829
056619459949
809836395703
693760020076
027625695931
344825042060
354419887048
820191891723
123260210631
102055933356
859452256312
690271671528
470553257607
357635563638
483701531169
597611610351
888843708248
897566239807
274879317027
572512218332
089969810585
553955810802
054240424873
723167733618
018256385545
081489599274
901367041627
126710866905
706675614723
932323883067
406463278240
398123918381
957356992481
690219904719
521237115515
989183726248
022175186866
411313698912
879719978617
113499034521
923442943948
269389225792
103184407068
009350940737
941747161967
465029839393
055816045541
809871477096
044470023532
731719333186
826566249144
817859895281
107628061862
597010353485
597700172794
119013924944
782610085860
921070571438
804776112569
014523091082
985567500288
944458958306
026969492117
418034458654
782439651878
092119380144
957145461990
410468428311
390980071544
514038218335
815709520028
610209022921
380775241096
358326256628
170820671390
407465604311
190828806818
048451904464
938872443282
651517483534
780355392678
160306053130
808400271927
607754327583
678057299912
128765612487
868307191685
945943625375
578855163915
716025025985
462110944877
985098868131
477200318593
994426122733
407344118909
822053264351
228509053467
117612643142
814779232163
503820353901
513520854358
898694407797
288501576052
726762012740
643998506430
677564113124
935646326882
760459385285
052655430273
064617380291
667233256010
990530978239
931930506705
639168827607
584330668189
147862180156
311033330524
774640013757
457391324615
885097711230
346744946185
292097854645
795317011585
096796580483
521723768089
833581165880
751039595545
847497819890
360135923509
037546013277
256939702204
810706694220
751562633600
869688144820
668862266272
001091877465
782997634820
953785388417
167224965550
777977956550
368965475611
895938277926
785225317920
696766763190
639098827116
595444263271
195854048147
944351820327
695470271506
159791704287
455421325843
528796929137
337864107144
756107623126
794141221349
702505284825
777658207728
525348564286
454913475251
739274371776
254887501143
765054388639
184730791188
113719696392
175523912325
956231809706
099631470757
369752832550
007630660037
109458647247
081348069759
530183971575
722837631432
596908145133
584580419198
356576280536
331523123281
248300963399
227080509767
355983711811
147820677582
725520334280
294134381279
958846069756
596290304967
740053063564
705691904313
991682148360
454087245070
944987753501
475085796203
005394645078
547973346245
993751057280
624685708385
454725201305
510979562595
227991492650
352276391055
781065641481
891327568174
954589619390
403575224106
165452687057
963486560510
155994363014
913773941021
740108761861
440304687226
362970939877
734108674050
727448857080
000895333886
052709426073
659305308528
637380449292
097707576731
957369236983
877553892692
421891072672
038633641330
973359975500
956897410637
695506931056
900264226876
692028001257
049567468490
512858956233
041876887801
463979005266
461730936202
278272590456
208476101750
155565559331
420530332441
772150078510
162771075498
031094160202
587336433045
285757451387
825720778374
490734887305
082724629965
620595394190
010631898637
610604745188
503980019338
467485019961
345465792329
039195641108
624023053110
196686976168
533494049242
247511291336
302826104870
227488838838
948970042374
758033475453
769920202300
856700174007
579778582965
044766906036
219145482247
577947845594
178320079779
831611406922
659733591953
359010625975
335938971717
116304355475
652167738217
038158508419
029856790972
598046088138
168125792943
447609410991
969672969203
613279501301
268764652761
460359192001
365856860722
342130504735
484496652870
457196144026
418803044239
034484787335
125157638744
683905587485
675044825786
272229691381
352508698372
892528661316
206481443412
765134169585
103625059321
508825187677
429709846345
164350498777
287129608804
195323690662
774674841094
094767742258
033577437757
439389588391
744449066544
294727213207
365648397070
062696137931
659840267551
339253298878
983252104933
191979995511
810799239804
641384690572
043681486776
175278419829
364315379969
699420441895
409025449479
121185848308
497471536880
978764677977
788649905816
065714214908
503058135094
353269988749
968643355548
522805308274
771997707790
772783418203
176426419950
629126311432
785414405064
679594486628
061090160535
782894124286
725583360939
031318006534
695535186681
531529724875
015574943095
351727906979
423775028599
234263714317
739294991543
815096975249
001871627093
605050682489
480466714297
599400768922
734937372869
824009878357
536857358422
987102614764
979584591972
439029915772
137009258482
573505991795
434326402735
941676940800
023924106080
251498060851
206547399586
446129467222
476022035942
870105362941
150795234448
271217204808
346930419487
977012880404
292074105893
029234491820
814143150047
906669498743
616128285638
446304681189
502816332283
941285217869
488321693542
287319419402
503665020669
483058131525
328761764533
810124953250
933449338076
596532302401
902950675131
067735656129
738171675492
123386840379
193829893583
790749693376
979173195663
576097611717
045828571027
805911486490
140988886058
114343114658
379138806281
174950794877
867646344596
551034345425
046857379954
367313918955
730168247693
837785309882
466924606100
738474272747
694121541675
392398157188
923037337579
626729435473
519940228004
577277400414
977060582114
182961648640
558513682719
416718275607
977554514973
377024278103
355897852171
784237008163
410852822347
067039310420
674482658593
966169159970
614262061937
788527375059
595148039013
530634955753
190285686346
237000095267
549454599386
600024247739
906706216248
199416230001
161879450624
205200895708
411225132405
315086993276
274750676486
259952534365
667000275038
146251203675
087041596069
503346691185
540716600888
125988242500
116090465821
560663171752
556016725573
038089551896
518953543001
258778298900
782045834106
111778765909
023750471924
089573019718
060780740427
706724399713
434134322521
320443491710
821831961638
394366784868
739339892003
888284684020
638542563949
376683611465
238429888802
991782474080
985224671518
124659866616
119396111181
800958548120
074238595516
056550214088
436157129483
682042515906
418384212337
890908618571
592719054391
345937955362
848210079420
732733676565
464066578434
540871556926
607933303183
062939869883
285872438412
827154294335
846586369603
212703578475
270228206637
845546530859
145197847703
957378616769
298608451547
435504571288
173617495664
757097329459
792717144539
433815805259
033284161216
262031111314
954880919639
912385101250
587323631151
395021852349
370539065518
711047631558
417269753431
082799330287
872842090775
657320365326
680443860648
951164171129
333846359460
114228663603
723373748167
691517161739
009694004324
798746869016
385613036453
914983538233
348100811431
945397405087
846610818090
169343312186
399107100714
551567440623
480573476170
182034912304
557822779722
435867718838
614291340236
740283522508
468101195727
248486021671
774062855911
327828453436
211537535717
460434726512
720593037867
056835365717
182264050299
631363161794
152502648741
374385650124
158445158859
905232312195
878047590013
249599098951
287384736248
619250720914
023291149909
469604318809
908990454813
470411014446
552789960200
019971492701
326318737673
584992964174
202483255375
057450782717
818684979860
152605157728
916045530323
915888466850
103679490557
313541928601
856273634480
332899814231
130567394059
993835512596
244251609062
490414252687
643813368271
683592114854
870601943315
944872837690
185692556925
760776831923
071459130989
472914081703
072316757723
871545639227
549179759368
862993329487
878318149371
507075399120
243110552386
150173123163
484597368310
374332781014
164134065321
308525956306
537758201869
655151818006
438380850652
525498307317
953153837658
347826938871
731814778455
349930144626
033560656553
977538698013
861751978646
299153632912
967831357757
597773911800
114503062261
236642822885
607161203604
469318307797
904340398088
305955356455
368061989651
831890566446
498347885752
574775869130
579454352646
673273448133
694425893810
286776268220
583404396512
975692115695
500398839838
044411635893
570143463161
773044541412
898701369393
606932673223
160513207391
155002051269
325124282961
436002763025
355052399036
069933215568
431160718430
193952137408
236833961629
010529442833
349367020945
948622726820
377633846738
548714001694
159146480814
257591113432
434391324105
756615476391
028287815930
021604693076
220759396245
873961884287
748967552012
787826913070
071559450231
274374995160
601797678048
420305155916
445918036994
510582265276
918054112328
087815550041
035319089803
866253265160
945954838584
277834500011
642048920704
959283760594
894048689117
941842779573
026741421744
030966399174
418480340784
350863214535
397217916780
920340606680
749413979795
266205384259
174792448668
225718604210
369097409575
163472871960
463569536445
375989263015
884546302391
148623223401
466642347776
115182632068
979054287851
179233865050
440631877612
694769472682
755211231514
740792283224
220031245457
798308789178
649241686268
057550231406
526367072028
126246710584
181518792927
852511890342
656860128159
556124527362
395896378167
247174870173
651492861735
685898976890
414900122585
657394245692
091776897837
692441274828
689396438009
164332024283
203032522619
463649714995
210641491916
252038438116
276581474974
403682801377
385572365120
601956884576
573740311092
805159117165
972022010790
123716786604
817720550976
966888545211
674427324478
048660523085
339703407065
508145169382
721632152227
159102740328
810442078726
865821840452
968253195313
188783517691
152406978765
223529942308
188304657790
368774547179
818202748863
057169174246
095974129299
029789647203
443446010852
902224967669
214149945956
431414258466
892097584513
801246393189
504903544362
591630988469
903842610044
829386721699
651150563681
141241526544
503567842722
076661590010
064096301447
546296362167
969079679040